1380.642
345.158
153.408
86.296
55.221
38.354
28.167
21.576
17.036
13.815
11.408
9.595
8.174
7.042
6.133
5.385
4.768
4.268
3.833
3.451
3.139
2.850
2.611
2.393
2.212
2.038
1.901
1.759
1.643
1.534
1.433
1.351
1.268
1.203
1.117
1.059
1.017
0.954
0.903
0.863
0.821
0.775
0.737
0.711
0.685
0.662
0.626
0.592
0.574
0.554
0.532
0.514
0.493
0.471
0.459
0.435
0.417
0.413
0.405
0.378
0.376
0.359
0.350
0.340
0.326
0.320
0.307
0.290
0.296
0.280
0.270
0.270
0.261
0.253
0.247
0.245
0.225
0.224
0.224
0.213
0.219
0.209
0.208
0.197
0.191
0.186
0.177
0.187
0.173
0.173
0.164
0.163
0.155
0.163
0.157
0.156
0.138
0.142
0.132
0.136
