1380.640
345.168
153.411
86.283
55.227
38.359
28.172
21.570
17.049
13.808
11.416
9.578
8.171
7.040
6.140
5.387
4.780
4.262
3.816
3.448
3.139
2.847
2.607
2.395
2.213
2.038
1.900
1.769
1.651
1.536
1.433
1.357
1.261
1.190
1.118
1.057
1.018
0.957
0.908
0.871
0.822
0.791
0.742
0.710
0.678
0.657
0.634
0.608
0.572
0.544
0.536
0.504
0.493
0.467
0.448
0.432
0.420
0.404
0.403
0.385
0.364
0.354
0.350
0.339
0.330
0.323
0.316
0.301
0.282
0.273
0.272
0.275
0.251
0.245
0.243
0.240
0.231
0.229
0.222
0.212
0.218
0.201
0.192
0.199
0.200
0.177
0.178
0.183
0.183
0.173
0.166
0.155
0.161
0.151
0.144
0.157
0.151
0.140
0.134
0.144
