1380.657
345.168
153.408
86.285
55.227
38.347
28.186
21.571
17.040
13.803
11.410
9.596
8.179
7.041
6.142
5.387
4.782
4.271
3.824
3.445
3.127
2.855
2.613
2.400
2.206
2.051
1.888
1.771
1.637
1.535
1.435
1.344
1.269
1.190
1.131
1.071
1.017
0.964
0.909
0.853
0.826
0.790
0.739
0.705
0.691
0.653
0.625
0.593
0.581
0.551
0.540
0.508
0.500
0.467
0.447
0.440
0.424
0.417
0.390
0.377
0.361
0.357
0.340
0.328
0.322
0.316
0.314
0.299
0.292
0.287
0.270
0.275
0.267
0.243
0.240
0.241
0.226
0.223
0.231
0.222
0.211
0.201
0.199
0.188
0.197
0.191
0.174
0.181
0.172
0.175
0.169
0.169
0.164
0.164
0.163
0.158
0.145
0.134
0.132
0.136
