1.491
1.165
0.988
1.027
2.780
2.364
2.552
1.862
1.609
2.528
3.620
3.863
2.364
3.415
3.748
4.165
4.286
2.743
4.579
3.243
3.800
3.453
4.225
4.738
5.671
5.689
4.441
4.619
5.065
5.078
6.285
4.968
5.187
6.101
6.531
7.189
6.562
6.868
6.315
7.217
7.012
6.532
7.019
7.055
6.473
7.154
8.177
6.984
8.876
8.030
7.572
7.821
7.627
8.476
9.568
8.724
8.962
8.953
10.042
9.961
9.559
9.308
10.557
9.701
11.124
10.481
10.187
10.796
11.000
10.938
10.574
11.486
11.294
11.887
10.836
11.779
11.402
12.674
12.032
12.573
13.405
12.097
12.973
13.749
13.904
13.741
12.676
13.611
13.810
12.935
12.971
13.186
13.876
13.249
14.596
15.325
15.017
13.842
14.922
15.687
16.016
15.800
15.294
15.359
15.587
15.732
16.263
15.758
17.010
17.195
17.565
15.967
17.639
16.587
16.380
18.249
17.507
17.025
18.549
18.145
18.190
18.900
17.726
18.980
19.351
17.759
18.896
18.938
18.290
20.174
19.390
19.338
19.549
19.597
19.309
19.274
20.804
19.468
20.635
20.006
20.672
21.237
21.128
20.605
20.968
21.866
21.336
21.101
22.599
22.752
21.356
21.553
22.196
23.395
22.709
23.436
22.607
23.898
22.343
22.912
22.812
23.257
24.279
24.484
24.624
24.744
24.082
23.891
24.584
24.366
25.471
25.978
24.265
24.942
24.961
26.264
25.407
26.587
26.058
25.587
25.552
26.224
27.207
26.640
25.915
27.309
27.216
27.253
26.659
26.578
26.789
27.782
27.940
28.090
28.229
28.780
27.598
28.603
29.238
27.904
29.750
29.086
29.589
29.104
29.728
28.993
29.683
30.890
30.197
29.367
30.094
30.030
29.729
31.073
30.939
30.171
31.866
31.610
30.596
31.638
31.017
31.439
31.318
32.727
31.951
31.948
33.541
33.141
32.423
32.776
33.843
32.605
33.876
34.140
32.997
32.853
33.544
34.898
34.942
35.201
35.102
35.100
34.142
35.595
35.944
34.209
35.870
34.966
36.594
35.792
36.307
36.071
36.130
36.732
36.665
37.537
35.975
36.581
37.893
37.419
37.780
38.286
37.378
38.602
37.554
38.329
37.288
37.492
38.479
39.423
37.715
38.996
39.494
38.437
38.217
40.009
40.465
40.557
39.500
40.094
40.012
41.058
39.578
41.095
41.506
40.002
40.250
41.981
40.504
41.107
42.282
42.075
41.901
41.935
42.404
42.099
42.960
42.185
42.252
41.685
42.928
41.953
43.704
44.060
44.314
42.967
43.426
42.854
44.388
43.850
44.118
43.589
45.085
44.275
45.401
45.274
44.867
45.329
44.310
44.480
44.587
45.121
45.420
46.508
45.961
47.106
46.858
46.141
46.307
47.444
46.427
47.105
48.204
47.571
47.316
48.574
48.018
48.633
48.532
48.086
48.239
47.772
49.293
48.081
48.452
48.733
49.575
49.481
49.666
48.928
49.590
49.982
49.789
49.543
50.785
50.686
50.851
50.315
49.980
50.240
51.785
51.596
51.314
52.192
52.127
52.627
51.679
51.944
51.585
51.905
52.553
53.447
53.639
53.726
53.213
53.758
52.581
53.735
53.513
53.681
54.326
54.887
55.055
54.964
55.029
54.750
54.562
54.741
54.190
54.765
55.805
55.773
54.571
56.524
54.953
55.240
55.241
55.579
56.174
56.943
55.691
57.249
56.599
56.411
57.873
57.506
57.839
57.062
58.040
57.046
57.529
57.350
58.528
58.809
58.111
59.448
58.365
59.522
58.684
59.186
58.422
60.211
60.220
60.572
60.522
60.279
60.611
60.945
60.016
59.892
60.954
60.080
61.142
60.426
62.170
62.332
61.224
61.163
62.847
61.519
62.495
62.252
63.344
62.697
61.905
63.163
63.778
63.951
63.838
64.314
63.198
64.410
62.836
64.392
63.538
64.103
64.117
65.015
64.272
64.587
65.371
65.777
65.902
65.107
65.650
66.137
65.144
66.447
66.888
66.338
65.327
67.122
67.012
67.028
66.497
67.843
66.485
68.103
67.313
67.266
67.467
68.421
68.165
68.101
68.352
69.332
68.558
68.650
68.271
68.113
68.662
69.995
68.864
69.541
69.516
70.554
70.065
70.567
70.647
69.389
71.344
71.341
70.198
70.662
70.270
70.376
71.412
71.111
72.212
71.547
72.720
70.986
72.479
72.526
73.324
73.264
71.921
71.781
72.085
73.896
73.595
73.534
73.527
73.449
72.890
73.344
73.181
74.218
75.132
75.343
74.061
73.867
75.001
74.275
74.328
75.419
75.271
74.851
75.816
75.581
76.911
76.303
75.648
76.680
75.877
76.196
77.732
77.474
77.384
77.075
77.881
78.323
76.703
78.422
77.879
77.686
77.242
78.130
78.294
79.492
77.891
79.439
79.355
78.170
78.969
78.456
79.301
80.615
79.138
79.800
79.244
81.079
80.025
80.008
81.114
81.609
80.437
81.838
81.597
82.044
81.627
81.704
81.002
82.827
81.155
81.998
81.929
82.149
82.359
82.525
83.718
82.465
82.795
83.565
83.974
84.147
83.815
84.445
83.823
85.041
84.609
83.664
84.332
84.740
85.467
85.676
84.552
84.923
86.228
84.655
86.533
85.740
84.881
85.862
85.510
85.951
86.643
85.764
86.433
87.656
87.627
86.476
87.027
86.670
86.654
87.574
87.511
87.328
88.118
88.945
88.728
89.261
87.804
89.351
89.637
89.304
88.945
88.622
88.625
90.203
89.745
90.127
90.442
89.714
90.008
91.270
91.510
90.163
89.991
90.065
91.156
91.624
91.056
92.414
91.014
92.413
92.483
91.405
91.359
92.832
92.695
92.858
93.542
92.798
92.867
92.735
92.683
94.321
93.088
93.560
94.295
94.287
94.754
94.554
95.251
94.306
95.619
95.538
95.493
94.553
95.587
96.024
96.185
96.025
96.693
96.724
96.936
95.570
97.368
96.104
96.585
96.731
96.325
96.783
97.591
96.707
98.079
98.291
97.973
97.387
97.726
97.641
98.602
98.278
98.944
98.190
99.723
98.374
99.869
98.364
99.945
99.386
98.827
99.892
99.811
100.209
100.104
100.301
99.947
100.770
101.421
101.452
101.231
100.505
100.822
102.226
102.612
101.953
102.028
101.911
102.655
102.603
102.664
103.220
103.635
102.623
102.470
102.497
103.555
103.803
103.768
102.836
104.204
103.900
104.160
104.833
104.678
104.771
104.279
104.971
104.214
105.866
104.941
104.734
106.263
106.273
105.296
106.827
105.839
105.980
106.442
106.931
106.604
107.381
106.297
106.138
107.146
108.198
106.489
107.054
106.982
107.860
108.853
107.133
108.516
108.754
109.347
109.198
107.950
108.604
108.291
108.573
109.162
108.596
108.852
109.168
109.393
110.431
109.450
109.847
110.526
109.896
110.257
111.388
111.592
110.784
111.407
111.278
111.296
111.283
111.790
111.651
112.116
112.036
112.069
111.896
113.269
112.546
113.508
112.284
113.187
113.295
113.061
113.453
114.324
114.351
113.531
114.544
113.982
115.365
113.753
114.238
114.887
114.668
115.546
114.559
116.298
116.525
115.479
115.213
115.986
116.341
115.585
117.098
116.225
116.042
116.700
116.549
117.380
117.794
116.556
116.648
117.661
117.033
118.576
117.189
118.278
117.946
119.110
118.586
118.252
118.898
118.338
119.548
118.414
118.742
119.868
118.793
119.870
119.810
120.903
119.690
121.248
120.507
120.590
120.279
121.183
121.616
122.188
121.860
121.786
121.790
121.628
121.973
122.837
122.167
122.894
122.297
123.111
122.303
122.341
123.586
124.021
123.115
122.462
123.954
124.543
123.490
123.657
124.679
124.740
125.163
124.373
123.757
125.169
125.695
124.463
124.988
125.292
124.791
125.700
126.018
126.028
125.739
126.076
125.542
125.716
126.588
127.286
127.713
127.910
126.957
127.133
126.822
128.185
128.238
128.377
127.701
128.638
128.884
129.235
127.579
129.440
128.393
128.856
128.301
129.805
130.229
129.701
130.075
129.723
129.282
130.263
129.510
129.876
129.581
130.642
130.343
130.785
131.071
131.858
130.836
130.727
131.285
131.842
131.309
132.156
131.195
131.453
132.232
132.260
131.816
132.034
133.558
132.107
133.861
133.453
132.783
133.566
133.897
134.096
134.425
133.767
133.652
134.335
134.069
133.984
133.902
134.389
135.822
136.277
134.761
135.997
134.903
136.497
135.366
136.408
135.403
136.483
136.541
136.399
137.287
136.690
137.465
136.640
136.735
137.426
138.211
138.513
137.951
138.534
