2.291
1.979
1.005
1.277
1.326
2.171
3.069
1.915
1.793
2.153
3.466
2.527
3.372
2.444
3.467
3.932
3.973
3.560
3.248
3.662
3.494
4.517
4.836
3.769
4.629
4.044
4.375
5.935
4.751
6.250
5.868
5.987
5.901
5.910
5.533
5.804
5.788
6.450
6.445
6.836
6.522
6.904
7.193
7.383
6.495
7.944
7.533
7.353
8.142
7.431
8.731
8.491
8.000
8.544
9.310
9.041
8.369
10.147
9.922
10.156
8.706
8.860
10.651
9.884
9.922
9.446
10.498
11.417
11.688
10.743
10.891
11.765
11.855
11.556
10.716
10.939
12.612
12.982
13.126
12.367
12.544
11.601
12.656
12.473
12.195
13.456
13.791
14.058
14.375
13.706
14.770
14.370
14.267
13.547
13.627
15.033
14.633
14.263
15.093
15.803
15.000
14.526
15.429
16.366
15.893
15.848
16.466
15.395
16.449
16.633
16.470
16.048
16.502
17.832
16.754
16.689
18.104
18.429
17.753
17.296
17.951
17.887
17.788
18.201
17.653
18.044
18.975
18.391
19.832
19.765
19.701
20.188
19.090
19.367
19.416
20.167
19.574
20.831
20.534
20.216
21.151
19.943
20.104
21.703
20.521
20.712
21.895
21.023
22.724
20.953
22.115
23.175
21.589
21.608
22.670
23.137
23.436
23.644
23.516
23.556
24.447
23.564
24.328
24.563
24.426
24.037
24.280
23.708
23.895
25.343
24.249
24.132
25.930
24.630
24.819
26.265
26.036
25.289
26.236
26.823
26.620
26.708
27.005
25.941
27.491
27.231
27.580
27.354
26.704
27.311
27.641
28.748
27.927
27.327
28.630
29.237
28.993
28.884
29.164
29.045
28.607
28.838
29.923
28.601
30.029
30.206
30.286
30.108
30.683
29.926
31.015
29.550
29.831
29.902
30.851
31.427
32.041
32.192
30.776
32.396
30.889
31.163
32.084
32.472
32.379
33.162
33.112
33.518
32.127
33.356
32.796
34.145
32.834
33.230
33.868
33.031
33.232
34.921
34.183
35.322
35.058
34.509
34.574
35.176
34.815
34.969
36.140
36.205
35.697
36.212
36.297
36.998
36.499
35.730
37.376
35.903
36.441
37.693
37.123
36.282
36.489
36.602
37.964
37.687
38.103
38.388
37.782
38.024
39.124
37.942
37.695
38.472
38.929
38.171
39.206
40.125
40.135
40.543
39.180
39.684
39.769
39.757
39.818
41.325
39.971
41.404
40.847
41.035
41.830
40.970
41.209
41.225
40.900
41.043
42.910
42.826
42.235
41.966
41.587
42.935
43.328
42.169
43.214
43.880
42.880
42.688
43.425
44.531
44.615
44.603
43.215
44.656
43.547
45.391
44.748
44.923
45.845
44.471
45.982
45.598
45.563
45.394
45.440
45.573
46.747
46.823
46.004
46.421
46.578
46.204
46.826
48.022
46.939
47.090
48.084
47.449
47.336
47.711
48.239
48.594
47.684
47.702
48.243
47.851
49.256
49.691
48.690
49.642
49.508
50.149
49.021
49.804
50.796
49.790
49.291
51.035
50.693
51.041
50.030
50.286
51.054
50.364
51.695
51.474
51.370
51.096
52.240
51.078
52.964
51.972
52.043
51.826
53.626
53.192
52.865
54.013
52.303
53.367
54.332
52.829
53.701
53.020
53.600
53.931
55.262
53.795
54.681
55.777
54.395
55.687
54.443
54.978
55.472
55.453
54.825
55.586
56.824
56.643
55.586
55.683
56.395
56.647
56.701
56.948
57.450
57.332
57.523
57.029
58.282
57.258
58.883
58.067
58.016
59.278
58.315
57.790
58.277
59.715
59.756
60.201
59.960
60.164
59.926
60.653
59.590
59.899
60.892
60.382
60.629
59.680
60.946
60.859
61.251
60.998
61.429
62.245
62.104
62.212
62.466
61.655
62.211
61.847
62.132
62.742
62.609
63.194
62.033
63.098
63.281
63.015
63.013
63.305
63.846
64.326
63.594
63.540
64.398
64.826
65.151
64.946
65.628
64.749
64.438
65.227
66.438
66.485
65.058
66.133
66.757
66.372
65.785
67.356
67.468
65.956
67.237
67.715
67.337
68.196
67.790
67.795
66.877
68.578
67.362
68.419
67.948
67.916
69.197
68.536
69.071
69.583
69.998
68.756
68.871
69.155
69.121
69.476
69.682
69.483
69.291
69.746
69.849
70.046
70.862
71.803
71.891
70.283
70.326
70.388
71.547
70.983
72.140
71.327
71.343
71.916
71.711
73.075
72.554
72.332
72.659
72.478
74.081
74.198
72.638
73.300
72.800
73.623
73.750
74.147
74.258
74.762
75.520
75.301
74.652
75.918
74.583
75.545
74.513
75.428
75.011
76.436
75.723
77.072
76.776
75.939
75.589
76.469
77.677
77.817
77.929
76.608
77.289
76.608
76.932
77.391
76.968
78.248
77.172
78.835
78.475
78.189
78.911
77.892
79.824
80.034
79.043
80.310
79.647
79.402
80.409
80.071
79.907
79.494
80.230
80.189
81.282
80.996
81.520
80.153
81.011
80.714
81.212
81.534
81.033
82.773
82.975
82.831
82.757
82.475
81.918
83.271
83.355
82.310
82.905
82.732
82.723
83.495
83.211
83.703
84.327
84.101
85.108
84.949
85.250
84.079
84.351
85.897
85.855
85.373
84.774
86.322
85.333
86.371
85.366
85.801
86.076
85.876
85.786
86.259
87.224
86.197
87.168
87.741
87.502
87.157
88.197
88.148
88.291
87.959
89.027
87.492
89.017
87.686
88.048
88.308
88.711
89.025
88.849
89.892
88.837
88.941
88.811
90.285
89.774
90.201
90.888
90.096
91.170
91.132
91.574
90.160
92.103
90.525
90.660
92.029
90.711
92.367
92.681
92.125
93.222
91.771
92.781
91.896
92.915
92.236
92.546
92.459
92.484
92.710
93.278
93.345
93.908
94.178
93.317
94.551
94.105
94.766
95.011
95.047
95.009
94.634
96.074
94.638
95.294
94.695
96.746
95.049
95.423
96.503
96.489
97.426
96.431
97.362
97.015
97.906
98.183
97.427
97.748
97.119
97.770
97.368
97.241
97.718
97.776
98.948
97.889
97.946
98.969
98.937
99.094
98.914
99.009
99.784
100.414
99.124
100.189
99.272
101.217
99.915
100.862
99.918
101.312
100.957
101.802
101.761
101.165
102.208
100.925
102.457
102.018
101.173
102.721
101.752
102.836
103.451
103.217
103.456
103.978
103.760
102.789
102.687
102.950
102.954
103.825
104.105
104.408
103.617
103.768
103.599
104.169
105.343
105.180
104.577
104.698
104.992
104.663
105.353
106.739
105.953
106.341
105.878
107.255
106.536
105.963
107.442
107.498
106.925
106.300
106.439
108.049
108.088
106.958
108.263
108.798
108.340
107.964
108.968
107.755
108.069
108.562
109.780
109.128
108.784
109.474
108.864
109.319
110.410
110.589
110.672
110.737
110.311
111.371
110.856
111.590
111.743
111.768
112.072
110.457
112.108
110.641
111.602
110.932
111.509
112.901
112.555
111.583
112.561
112.817
112.774
113.601
112.604
113.569
113.470
112.641
112.687
113.496
113.405
113.154
114.113
115.118
115.028
115.042
115.697
114.213
115.400
115.938
114.952
114.992
114.756
116.024
115.298
115.542
115.339
116.337
117.275
116.603
117.411
116.369
117.205
116.478
118.107
116.952
117.212
117.225
117.764
118.574
117.313
118.922
117.950
118.566
118.767
118.988
118.718
119.499
119.575
120.019
119.079
119.877
119.990
119.853
119.004
120.944
119.360
120.842
120.772
121.489
121.145
120.190
120.699
121.532
121.019
120.668
121.405
122.381
121.570
121.524
122.454
123.309
121.501
122.001
123.324
122.251
123.031
123.472
122.628
124.397
123.760
124.145
123.774
124.310
123.126
124.659
124.396
125.010
123.862
125.332
125.134
124.868
126.046
126.179
124.892
126.462
126.169
125.134
125.669
125.520
125.665
126.369
126.944
126.089
126.781
127.448
126.496
128.002
128.423
128.423
126.997
128.077
128.108
128.271
127.982
128.400
128.195
128.565
128.307
128.174
129.527
129.582
129.531
130.008
128.694
129.954
129.957
130.502
129.595
129.845
130.746
130.795
129.854
131.265
131.103
130.700
132.260
131.412
130.800
132.286
130.993
131.599
133.124
131.377
131.515
132.766
132.207
132.223
133.760
132.466
132.955
133.365
133.398
134.017
134.113
134.334
133.342
134.104
135.325
133.841
135.370
135.338
135.718
135.876
135.027
135.429
136.332
134.727
135.671
135.370
135.310
136.586
135.940
135.893
135.801
136.650
137.117
136.606
136.981
136.628
137.949
138.108
137.061
138.240
137.127
137.083
