0.556
1.178
1.621
1.017
1.605
2.150
1.946
2.217
2.238
2.521
2.323
2.495
2.635
3.196
2.594
2.719
4.021
3.638
4.109
3.917
3.496
4.637
3.617
4.280
5.308
4.040
4.933
5.707
4.950
4.791
5.533
6.313
6.335
6.430
6.944
5.782
6.832
6.717
7.276
5.992
7.840
8.030
7.122
6.784
6.776
8.352
8.229
7.377
8.837
7.683
8.384
7.766
7.831
8.327
8.464
8.488
8.543
9.421
10.015
9.338
8.896
9.188
10.664
10.299
9.936
11.303
9.947
10.190
10.355
10.029
11.092
10.329
11.264
12.451
12.033
11.892
11.290
12.421
11.639
12.793
13.232
12.319
13.613
12.593
13.642
14.027
13.328
13.591
12.607
14.152
14.362
13.394
14.590
14.921
13.604
15.445
15.237
13.807
15.653
14.138
15.351
14.957
14.636
16.269
16.571
14.946
15.028
16.077
16.810
15.565
16.215
17.529
17.728
16.071
16.366
17.385
16.579
18.129
18.443
18.436
18.202
18.736
17.994
19.225
19.032
18.136
19.256
19.040
18.837
19.103
20.323
18.472
18.646
19.146
20.300
19.529
19.554
21.058
21.191
21.300
21.033
21.323
21.124
20.704
20.359
21.373
21.406
22.538
20.861
22.798
21.126
21.867
22.653
21.799
23.137
23.546
23.332
22.123
22.882
23.331
24.294
23.825
24.723
24.701
24.117
24.901
25.018
24.953
23.897
24.643
25.778
25.574
25.948
24.587
25.928
25.204
25.511
25.492
25.660
26.231
27.058
26.209
27.303
26.331
26.286
26.852
27.447
26.591
28.147
27.192
27.648
27.271
27.497
28.467
28.645
28.538
27.730
28.802
28.947
29.723
28.071
28.178
28.310
28.821
29.743
29.282
29.960
30.782
30.488
30.989
30.870
30.391
29.997
30.327
30.106
31.886
30.896
30.605
31.429
32.320
31.053
31.824
32.472
32.538
31.864
32.258
33.026
32.303
32.678
32.202
32.517
34.100
33.189
33.325
33.537
34.797
33.365
34.412
35.032
35.321
33.532
35.097
34.274
34.286
34.249
34.418
35.656
36.376
35.542
35.765
34.904
36.182
36.796
36.769
35.743
37.110
36.103
36.910
36.014
37.213
37.089
37.777
36.954
38.486
38.031
37.672
37.116
37.588
37.715
39.127
38.075
38.545
39.004
39.448
38.635
39.777
38.677
40.425
40.103
39.567
40.862
39.195
39.368
39.983
41.405
39.750
40.526
41.688
41.251
41.665
41.310
40.596
40.768
41.271
41.367
41.576
41.471
41.554
41.855
43.232
43.424
43.461
42.301
42.463
43.457
43.540
42.991
44.245
43.491
44.369
44.027
45.018
45.154
44.370
45.071
45.394
45.138
44.406
44.835
46.231
45.706
46.028
45.156
45.051
45.451
45.598
45.491
46.393
46.505
46.854
46.350
46.983
47.196
47.414
47.486
46.822
48.307
47.344
47.454
47.246
49.315
47.945
48.301
49.470
49.420
49.011
49.683
49.608
49.210
49.164
50.572
49.892
50.969
50.617
50.277
50.598
51.032
50.462
51.184
50.980
50.117
51.703
51.881
50.760
50.686
51.012
51.962
51.850
52.832
52.483
53.396
52.913
53.694
52.447
53.490
53.537
52.603
52.815
53.369
54.703
53.303
53.663
54.723
53.643
54.828
54.506
55.158
54.839
54.237
54.634
55.762
54.531
55.198
54.975
55.387
55.295
55.862
56.023
56.919
56.575
57.213
57.357
56.389
56.136
56.546
57.196
56.900
57.478
58.237
58.193
57.138
58.223
58.794
58.414
58.410
58.858
58.684
59.495
58.970
60.165
60.204
60.068
60.278
59.748
60.723
60.481
60.386
59.537
60.855
59.962
61.603
60.998
61.329
61.649
61.215
60.551
61.997
62.627
61.363
61.827
61.717
62.908
63.284
62.521
62.695
63.327
63.384
63.143
63.752
63.697
64.509
63.045
63.455
62.989
63.835
64.197
64.425
64.782
63.663
63.815
64.227
65.067
66.007
64.400
65.042
65.598
66.312
66.380
66.097
66.170
65.843
66.673
67.424
67.525
66.792
66.387
67.261
66.790
67.564
66.694
66.851
66.847
67.478
68.412
68.709
69.122
69.017
69.449
68.173
68.514
69.592
69.312
69.658
68.881
69.650
70.071
69.672
69.451
70.979
70.139
69.858
71.115
69.974
71.359
70.910
70.593
70.529
70.497
72.235
70.926
71.206
72.461
72.501
71.758
72.463
72.204
72.024
72.217
73.550
72.787
72.268
73.132
73.914
74.371
72.997
73.109
73.036
74.726
74.394
74.512
74.713
74.252
75.104
74.582
74.609
74.393
75.367
76.435
75.071
76.209
76.705
76.704
75.303
75.402
76.041
76.304
75.947
77.061
76.714
77.018
77.264
78.263
76.893
76.992
78.826
78.169
77.663
77.397
78.392
78.916
79.266
79.170
77.983
78.601
78.587
78.787
80.479
79.338
79.603
80.487
80.020
79.249
79.536
80.559
79.797
80.101
80.505
80.354
80.702
82.237
80.539
81.848
81.478
81.875
82.919
82.663
83.231
82.292
82.355
82.697
82.264
82.688
82.614
83.343
83.825
84.045
83.854
83.725
83.064
84.481
84.738
85.065
83.641
83.800
85.350
84.168
85.221
86.050
85.947
86.064
85.908
86.734
86.606
85.943
85.869
85.658
86.291
87.378
85.975
86.726
87.039
86.876
86.586
86.790
88.495
86.708
87.569
87.942
88.311
87.455
87.748
88.042
88.838
88.479
89.666
88.543
89.019
89.041
89.337
89.852
89.957
89.917
89.329
90.711
90.474
90.723
89.950
91.470
90.219
90.539
91.928
90.823
91.189
91.209
90.797
91.700
91.940
92.164
92.061
91.692
92.978
92.132
93.382
92.720
92.711
92.402
94.113
94.167
93.641
93.597
94.381
93.642
94.081
94.938
93.917
94.181
93.917
94.119
94.227
95.238
95.384
96.175
94.758
95.752
96.244
96.433
95.611
96.764
95.722
95.896
95.719
96.348
96.380
97.934
96.316
97.351
98.079
98.390
96.964
97.897
98.969
98.354
98.508
99.003
98.851
99.473
99.155
98.038
99.820
99.147
100.143
100.471
100.378
100.253
100.217
100.966
100.252
101.008
101.029
99.709
100.343
101.470
100.761
100.319
102.067
101.058
101.024
101.456
101.349
102.470
101.539
102.543
103.263
102.920
103.018
103.663
102.164
102.952
103.508
102.444
102.678
103.859
103.897
103.794
104.612
104.766
103.815
105.238
104.665
104.238
105.189
104.832
104.973
105.363
104.959
105.198
105.208
105.926
105.390
106.465
106.196
106.697
106.416
107.635
107.525
106.415
106.979
108.237
107.712
107.031
108.312
107.604
107.161
107.846
109.233
109.305
107.881
108.487
108.699
108.763
109.265
108.917
108.645
110.136
109.055
109.325
110.254
109.742
109.742
109.767
110.774
111.403
110.184
110.586
110.738
110.149
111.102
111.000
110.810
112.325
112.195
112.523
111.452
111.962
113.218
112.435
112.288
112.531
112.842
112.304
113.599
112.894
113.178
114.146
114.672
113.690
114.299
114.980
113.578
114.039
115.555
115.722
114.923
114.804
114.638
115.323
115.752
116.369
115.607
116.156
116.456
115.214
116.017
116.532
117.170
116.847
116.189
117.747
117.606
116.751
116.587
117.042
116.670
118.015
117.951
118.995
118.187
117.508
118.778
118.086
119.232
117.896
119.144
118.638
119.850
118.649
118.989
119.675
119.424
120.407
120.142
119.373
119.708
120.492
120.213
120.183
120.341
120.609
120.394
121.762
122.396
122.491
121.559
121.673
121.088
122.093
122.659
121.635
121.886
123.212
122.844
123.846
122.155
123.475
123.244
123.704
122.750
124.103
124.803
124.482
124.970
124.924
124.782
124.915
124.295
125.841
124.293
125.363
125.574
125.260
124.659
126.562
126.138
126.952
126.012
125.828
126.233
126.444
127.013
126.638
126.179
127.775
126.591
126.677
127.435
128.204
126.877
128.078
128.067
128.834
128.731
128.656
128.153
129.574
129.297
128.295
129.326
129.293
129.746
128.880
129.471
130.673
130.265
130.889
130.621
130.159
130.241
130.509
130.307
131.239
130.430
131.057
131.538
131.613
132.579
131.856
131.403
132.010
131.312
131.673
132.786
131.689
133.576
133.591
132.183
132.699
134.069
134.143
133.675
133.234
133.912
134.434
134.387
133.343
133.772
134.192
135.528
134.618
134.799
134.915
136.230
135.281
135.047
135.984
135.820
135.317
135.532
136.432
135.652
136.882
137.377
137.250
137.065
136.524
136.715
136.878
137.075
137.825
138.188
137.101
138.904
