1.664
3.036
0.208
0.627
1.973
1.312
1.941
0.046
1.740
4.060
3.497
0.937
2.217
0.777
0.972
2.657
3.984
4.834
5.032
4.475
2.666
5.973
3.587
0.874
3.269
3.489
5.125
6.707
2.861
3.686
1.414
7.332
7.174
5.765
1.865
3.283
4.296
6.229
5.483
7.520
5.790
4.175
6.578
5.889
6.382
9.280
7.199
4.008
9.660
5.169
6.625
8.518
9.116
4.830
8.138
9.356
9.332
7.781
9.822
10.538
11.098
6.744
11.137
7.809
8.851
6.799
6.673
6.434
8.953
8.147
10.600
9.437
11.011
10.932
12.118
9.619
11.744
8.890
9.475
9.836
13.685
14.011
13.978
11.188
13.427
12.856
13.857
12.027
12.054
14.713
10.814
9.996
11.928
10.355
11.637
10.690
15.056
13.823
11.368
11.956
14.924
16.378
15.172
14.363
13.877
15.539
13.311
11.918
15.872
14.963
15.397
14.733
15.797
12.838
16.466
15.036
15.379
15.424
14.341
17.666
18.223
16.388
19.219
17.991
14.474
19.711
16.481
18.091
15.218
20.043
20.308
15.947
15.852
19.659
16.886
18.391
16.354
19.402
19.681
18.649
16.664
18.366
19.595
17.407
17.201
21.462
19.632
18.514
19.919
23.489
19.173
18.721
18.290
20.856
22.886
23.116
21.072
21.683
23.888
24.322
22.841
21.690
19.857
19.951
23.864
22.962
20.465
23.302
23.113
23.494
24.754
24.851
20.993
25.237
21.843
22.714
22.654
23.282
23.735
24.937
26.673
26.780
22.902
25.220
23.319
27.235
23.811
24.499
27.665
23.879
26.593
27.668
27.330
25.019
26.684
25.676
26.838
28.440
28.410
26.222
28.230
25.238
29.231
29.325
30.845
27.798
28.673
27.192
26.042
30.035
27.803
28.960
26.964
32.482
29.538
28.177
31.450
32.345
29.068
32.144
31.695
29.212
29.202
31.676
31.320
30.813
29.563
31.217
31.174
29.862
33.233
34.781
33.393
34.881
29.664
32.740
30.968
30.670
32.485
36.093
33.461
34.050
35.179
34.549
32.332
33.434
36.531
36.501
31.847
32.830
37.232
32.780
35.499
35.967
37.059
35.939
35.511
38.385
34.666
34.774
34.058
38.556
35.193
35.769
37.606
39.372
38.629
37.221
38.008
36.688
40.157
39.919
39.795
39.999
36.568
38.446
38.552
37.810
38.258
37.406
40.155
40.789
38.299
41.204
39.196
39.359
40.607
40.375
36.996
39.078
40.370
39.877
39.229
38.843
43.535
43.298
40.398
39.739
40.400
41.448
43.156
40.217
43.158
40.451
42.800
44.148
42.590
45.145
45.147
40.316
43.015
42.313
45.458
40.898
45.112
45.127
41.082
46.602
43.243
45.012
47.087
47.270
43.551
44.101
44.251
46.983
43.225
46.456
46.519
47.966
44.121
43.250
46.288
45.962
49.160
48.286
46.681
45.111
45.828
47.361
46.411
48.875
49.498
50.268
48.730
45.042
48.286
47.523
45.525
45.473
48.689
51.272
50.652
48.874
47.382
47.293
47.276
51.610
47.185
48.469
48.157
49.368
48.483
49.705
49.610
53.286
49.145
51.868
49.175
50.100
50.372
50.000
53.923
52.817
48.790
54.841
54.794
52.438
50.630
50.468
54.354
52.376
55.846
52.756
50.940
53.338
52.637
55.288
55.315
51.674
54.032
53.356
56.632
56.472
55.895
52.730
52.799
54.024
58.024
54.021
54.126
52.678
54.874
53.631
54.565
58.569
57.848
58.540
53.774
59.263
55.073
58.495
59.754
59.905
55.157
57.521
55.914
57.152
56.483
55.129
58.003
59.877
61.312
60.089
57.610
56.389
58.160
60.179
61.644
61.797
60.739
61.985
61.570
60.009
61.095
57.455
60.044
60.846
58.492
58.716
58.050
63.785
60.086
59.431
62.656
63.910
62.470
63.870
60.076
62.846
64.784
63.795
62.868
65.616
62.237
64.251
63.802
61.695
65.646
62.441
62.193
64.826
61.883
66.946
65.314
61.614
65.952
63.779
61.901
63.338
63.887
64.974
62.716
66.982
62.603
66.747
68.633
68.062
64.399
67.632
63.806
69.492
63.898
64.411
66.098
65.423
67.921
67.195
67.172
66.806
65.965
66.531
68.392
70.247
70.806
67.071
70.014
71.620
67.067
71.982
72.036
70.900
66.530
70.077
67.532
68.676
68.453
67.405
67.290
71.917
73.182
70.945
70.184
70.709
71.975
69.979
72.809
70.899
71.119
74.699
70.641
71.857
74.141
71.691
75.227
71.926
70.228
74.039
73.757
70.512
75.818
73.989
74.725
71.242
71.741
76.360
76.382
77.157
74.276
73.198
73.157
72.478
75.048
74.539
77.323
78.162
77.758
74.590
76.812
76.160
77.459
79.128
79.292
78.074
76.285
76.481
79.371
79.771
76.349
79.078
76.140
80.385
77.888
75.241
76.131
78.119
78.642
75.633
80.225
78.310
80.951
77.603
78.082
79.264
82.074
77.522
78.200
80.565
82.879
78.153
77.882
80.772
78.182
79.092
81.076
78.657
82.774
81.378
83.320
78.551
80.463
80.496
81.853
79.697
79.309
81.165
83.330
80.019
80.650
84.591
83.555
84.243
84.516
86.121
83.125
82.869
83.547
84.659
85.985
82.183
85.662
82.607
82.523
84.193
84.376
82.599
83.018
87.154
86.918
86.871
83.044
84.206
88.068
88.713
87.753
87.520
88.018
85.148
84.824
86.354
85.459
85.724
90.352
87.413
86.598
88.125
89.946
91.034
88.828
91.159
88.871
88.834
90.416
89.649
88.239
87.710
90.713
87.720
88.918
89.337
91.137
87.053
93.121
87.663
87.475
90.795
89.451
93.294
90.899
94.000
92.558
91.147
94.529
89.723
91.540
94.252
94.331
90.207
93.703
94.202
93.708
92.956
90.404
95.390
94.238
93.951
93.297
91.881
94.685
94.744
96.560
92.581
92.636
94.724
95.385
96.151
91.923
94.490
95.387
96.075
98.337
94.934
95.441
98.225
96.070
97.389
95.939
94.296
97.783
97.021
95.443
98.591
96.276
98.492
97.314
98.780
99.314
95.881
95.999
95.474
99.344
95.835
96.416
98.740
100.577
95.980
97.067
98.015
99.189
101.758
100.413
97.290
100.265
102.031
98.360
99.907
101.530
99.040
102.722
102.812
102.877
99.629
103.992
100.753
102.274
100.002
102.844
100.493
102.709
103.726
101.449
101.904
105.531
102.194
101.850
102.525
100.752
102.312
100.437
101.031
100.698
101.803
102.870
106.989
101.710
102.211
102.699
105.189
105.580
105.421
105.373
102.923
105.820
107.351
103.349
105.640
107.964
106.297
107.581
104.577
105.677
107.409
105.817
109.176
105.618
106.713
108.826
109.377
105.761
108.201
109.948
106.220
110.137
107.612
111.173
109.596
105.848
110.706
106.358
109.443
107.602
108.112
109.135
109.236
111.020
109.103
111.581
110.170
108.485
111.044
111.786
111.144
112.451
113.712
112.109
113.321
108.744
114.135
111.108
112.851
110.679
110.214
110.878
113.162
109.563
109.980
109.887
115.159
110.546
114.029
111.269
113.598
110.676
113.435
113.972
112.969
114.515
114.249
115.212
112.289
113.716
116.554
115.222
117.369
112.546
116.998
117.438
113.339
113.549
118.713
116.971
115.486
116.236
115.599
115.470
114.811
117.018
117.053
117.308
116.107
118.417
116.446
120.413
120.831
116.061
117.864
117.018
118.578
118.896
116.947
119.118
121.537
117.637
117.061
118.488
119.995
118.558
119.427
119.784
117.634
118.411
119.368
119.401
121.186
123.490
122.380
120.580
123.809
123.636
123.350
124.542
123.496
124.363
121.945
124.339
122.760
125.188
120.929
122.539
121.884
125.729
121.988
125.917
123.113
123.192
125.508
125.846
125.333
121.460
122.682
126.268
121.960
127.184
124.345
127.803
123.096
123.997
124.956
126.814
128.301
128.259
128.308
126.090
126.768
128.629
123.708
125.180
129.132
125.143
127.631
129.382
125.699
129.480
130.150
128.866
127.437
126.647
129.828
125.551
130.763
131.404
127.188
126.917
130.852
126.433
127.375
129.207
128.978
127.487
127.194
129.175
127.251
131.544
132.305
127.920
132.995
133.349
131.081
132.175
133.010
129.653
134.345
131.932
132.956
130.938
131.038
130.249
131.217
133.455
134.731
131.683
131.741
130.019
132.829
135.931
132.574
136.169
133.329
134.968
134.090
137.041
133.023
133.204
137.251
137.579
134.199
133.055
135.636
134.595
138.044
134.678
137.464
137.574
134.228
134.569
135.332
134.141
133.431
137.272
134.013
139.615
138.981
137.476
136.293
138.207
135.176
138.453
135.551
136.088
137.380
