0.913
0.504
0.306
0.470
1.446
2.777
0.925
1.705
2.584
0.725
1.862
3.121
4.620
3.697
2.811
4.068
0.444
1.311
0.732
5.066
3.390
0.234
0.467
6.122
4.083
0.960
3.382
3.136
2.769
2.249
5.241
3.593
5.300
4.202
2.872
5.510
4.398
6.261
7.489
7.137
8.501
2.876
7.375
3.104
6.780
8.992
8.065
4.943
4.754
8.073
8.144
4.237
9.459
6.965
9.318
9.013
5.166
6.552
10.524
6.435
6.336
10.873
9.531
11.346
11.637
6.147
7.678
8.775
11.681
9.012
10.245
11.153
7.400
12.156
12.249
7.638
7.916
13.514
11.428
11.748
10.188
12.229
10.636
10.257
11.739
12.642
12.909
13.227
10.338
12.769
12.091
11.950
12.661
13.913
12.056
10.595
13.645
15.338
12.321
16.412
13.517
16.297
13.108
14.448
14.307
15.084
16.798
11.952
14.041
15.256
17.131
16.858
12.763
14.709
18.472
16.062
14.050
13.874
17.039
18.593
14.749
18.956
18.075
14.188
18.328
14.849
17.612
19.297
15.400
18.159
20.728
16.105
20.775
17.585
17.975
17.769
21.705
18.831
22.020
16.763
18.876
22.166
21.466
16.974
18.151
18.822
22.284
21.990
21.091
19.444
19.359
23.913
21.855
24.040
19.240
18.944
23.201
20.020
22.358
23.998
21.036
25.251
20.717
24.682
21.213
20.364
23.341
25.043
24.107
22.960
24.643
23.746
21.869
21.838
22.270
21.527
22.248
21.886
22.995
27.128
25.342
27.874
23.735
25.246
23.746
26.038
27.915
24.517
28.189
24.069
27.055
27.995
25.950
24.891
29.670
29.202
30.128
25.455
30.409
27.408
26.137
28.688
25.674
26.507
29.709
30.697
29.913
26.593
30.130
26.354
27.242
28.156
31.451
30.487
32.108
27.690
30.978
29.052
30.299
28.437
28.517
32.878
27.802
28.991
33.510
33.863
33.710
31.554
34.493
33.825
32.701
30.744
34.113
31.630
34.451
33.053
35.347
30.691
31.781
32.295
34.508
34.439
32.300
31.698
34.128
33.975
31.859
34.669
31.898
33.775
36.257
35.680
32.491
34.009
32.274
34.256
37.258
35.841
36.371
34.553
34.603
36.904
37.167
36.711
37.123
34.057
38.189
35.762
34.512
39.482
36.270
37.713
37.681
38.241
36.505
38.160
39.538
36.459
38.664
38.709
37.483
41.492
40.615
38.394
39.768
40.644
41.454
41.284
40.613
41.261
42.772
41.537
39.217
38.400
38.803
43.277
43.611
40.643
39.030
42.853
43.730
44.132
40.263
43.294
44.990
41.379
45.179
45.081
40.193
41.058
44.860
43.730
43.661
41.582
45.967
45.113
45.120
41.023
44.874
43.951
42.080
46.702
45.295
45.457
44.197
47.607
44.754
46.755
47.449
43.723
44.592
45.359
47.839
44.294
46.123
48.758
47.779
46.110
48.056
45.978
45.345
46.951
47.307
46.822
49.146
48.520
44.968
45.485
49.708
45.387
47.349
46.174
45.954
49.760
46.754
49.480
48.658
50.230
51.932
51.336
49.526
52.036
48.015
51.596
51.010
48.903
50.176
52.509
49.846
53.964
52.201
48.690
52.879
53.942
52.746
51.533
50.769
50.377
52.133
54.488
49.840
50.411
55.214
53.069
50.523
53.428
55.072
53.080
54.602
52.688
56.122
56.120
56.820
54.988
57.516
57.134
57.260
56.364
56.699
52.539
53.395
55.864
56.436
53.224
58.703
56.523
54.661
58.649
58.302
54.826
59.139
56.152
57.249
59.150
58.059
57.608
55.775
59.968
55.453
57.636
56.068
55.937
56.599
55.649
58.983
60.394
61.430
58.268
58.474
60.241
57.406
60.839
58.499
59.758
57.265
61.105
61.644
63.442
59.643
58.479
62.797
58.641
63.620
62.778
60.851
60.475
59.966
64.778
60.602
60.293
62.056
61.525
59.770
60.782
62.235
65.944
60.420
61.736
60.767
60.989
65.921
62.446
66.432
65.308
64.048
65.744
62.298
62.213
63.839
64.763
67.247
66.637
66.407
66.699
63.469
67.665
68.022
64.014
64.249
69.241
67.508
66.842
69.171
68.720
65.241
68.690
69.110
68.034
65.869
66.912
67.252
67.454
65.272
69.931
66.825
71.159
70.206
66.695
69.171
71.137
66.627
66.434
69.359
71.326
71.722
70.483
70.635
71.321
69.355
70.589
71.682
70.489
70.808
69.958
69.890
68.888
70.474
72.105
69.627
72.993
73.480
74.490
72.882
69.956
75.114
74.876
72.525
71.828
70.370
74.389
75.976
75.018
73.944
72.350
75.052
72.122
72.600
76.084
72.424
73.191
76.939
74.159
74.246
77.504
76.341
73.761
76.281
72.978
73.068
76.263
75.122
74.469
75.396
75.460
74.970
76.397
74.974
78.377
77.856
75.383
74.619
75.137
75.178
78.892
79.213
79.917
76.950
78.256
76.490
79.701
78.293
76.877
80.117
77.256
80.354
78.916
80.667
79.529
81.065
78.325
78.869
80.508
79.973
80.720
77.834
80.482
78.696
83.256
78.832
79.637
80.510
84.431
80.673
82.905
85.045
80.539
83.735
83.119
85.088
84.396
80.270
80.646
84.156
84.855
80.759
83.926
81.597
86.661
81.778
82.576
86.787
83.241
82.110
85.102
87.213
82.147
86.663
82.644
83.153
86.063
84.139
84.657
88.034
83.526
88.347
85.945
86.567
88.827
86.588
89.076
84.276
89.934
89.572
89.844
86.175
88.699
88.028
88.171
86.975
91.141
91.302
88.625
88.488
91.113
89.058
87.544
87.641
92.327
88.487
87.708
86.900
91.366
88.335
92.421
89.815
88.080
91.506
90.921
93.882
89.561
94.012
94.119
88.957
89.764
91.615
91.835
90.065
90.799
90.647
93.883
92.634
89.877
94.205
95.685
93.886
91.996
95.153
92.382
94.436
94.545
93.221
91.868
95.007
94.204
94.869
94.591
96.568
92.768
95.521
96.533
94.202
96.821
94.309
97.343
97.569
96.571
95.531
98.276
97.891
97.586
96.667
94.288
95.105
99.675
100.000
95.432
97.040
99.713
99.653
98.529
95.263
97.829
100.176
96.996
97.608
99.077
96.713
100.692
97.321
99.437
100.221
98.651
97.232
97.818
100.228
97.681
102.410
98.610
102.202
100.944
102.364
102.248
102.736
100.883
100.036
104.277
99.449
100.084
101.533
100.444
103.774
100.076
101.889
104.482
101.632
103.398
103.943
100.418
103.381
104.802
101.903
104.515
102.353
102.935
102.098
107.232
102.863
104.461
106.994
102.990
105.582
104.238
106.646
104.953
106.865
107.876
108.431
105.522
106.770
104.776
109.140
104.830
104.335
106.606
105.292
109.115
105.929
110.065
105.915
106.561
109.446
107.746
106.930
105.918
105.532
108.965
107.768
109.058
111.044
107.476
108.915
108.459
107.535
111.178
109.640
110.571
110.694
112.127
110.388
110.007
113.341
111.439
110.003
111.562
112.900
111.012
110.273
111.183
114.034
110.424
109.134
111.214
112.560
110.778
111.287
111.461
113.701
113.867
112.977
113.958
114.229
114.545
114.208
115.684
116.158
116.910
116.798
115.891
117.264
116.586
116.332
117.240
114.906
112.176
116.307
114.479
116.421
112.807
117.568
117.013
115.632
113.590
117.465
114.430
114.969
116.777
115.123
118.761
120.082
117.441
117.653
116.100
118.898
118.579
117.213
121.038
115.616
115.708
116.415
116.344
118.281
117.233
117.751
121.302
122.280
122.142
119.452
117.166
117.377
118.941
119.457
119.343
122.701
119.120
119.080
121.074
120.531
120.933
120.328
120.652
121.632
122.788
119.836
123.507
120.443
120.146
123.930
123.879
121.468
121.475
123.426
120.226
124.884
121.514
121.437
126.004
125.553
123.914
126.725
125.046
121.422
122.114
126.878
126.350
126.592
123.264
128.006
122.800
127.234
126.938
126.526
124.087
129.001
126.435
126.105
123.901
124.564
127.534
128.886
129.339
129.503
129.742
128.709
128.413
127.915
126.287
125.217
125.544
125.795
127.376
127.478
126.978
126.525
128.592
132.037
132.187
128.609
126.713
131.173
129.514
127.213
128.673
128.558
128.549
129.983
127.964
133.502
130.052
128.158
128.314
129.495
128.601
132.063
129.177
133.884
133.588
131.683
133.258
131.193
134.668
132.264
135.091
132.800
132.350
131.610
133.522
132.520
131.014
136.093
131.858
132.961
136.353
132.270
135.402
133.470
135.961
132.472
135.139
136.957
136.618
137.716
134.411
135.917
134.685
135.879
138.581
133.607
138.956
135.234
135.918
136.476
136.326
137.107
139.179
138.690
137.680
134.705
139.743
138.904
138.534
