2.175
0.581
2.546
3.368
0.773
0.382
3.424
2.985
3.087
4.158
2.463
0.309
0.446
3.440
3.472
0.575
0.227
2.646
1.264
0.129
0.422
4.807
1.071
3.211
1.728
4.675
5.718
2.192
6.230
4.362
4.192
5.677
7.231
3.697
4.838
7.303
6.760
3.604
5.457
4.750
4.774
7.914
8.165
5.388
9.038
9.297
7.088
7.098
6.430
4.216
9.648
10.111
7.631
8.206
9.527
4.845
8.027
10.145
5.242
5.880
5.998
10.665
10.674
11.493
11.770
9.387
6.898
11.450
9.460
10.241
10.183
9.166
12.081
11.798
9.152
7.728
7.863
8.252
8.765
8.827
8.478
12.475
10.004
13.171
9.506
13.396
11.950
12.582
14.813
9.884
15.293
15.672
15.396
12.251
13.236
10.730
11.696
10.548
11.239
11.289
16.414
15.900
17.086
15.660
12.414
15.294
17.378
17.731
13.451
13.436
13.715
16.253
18.174
13.589
15.562
15.956
14.082
18.623
17.105
13.913
17.986
13.951
14.228
14.790
14.865
19.440
15.203
14.855
16.011
19.958
16.632
20.922
15.817
19.796
18.741
16.791
16.687
18.846
17.243
22.183
19.146
22.156
18.625
17.643
19.459
21.231
19.990
21.480
19.810
23.340
23.338
21.412
22.433
23.928
19.559
22.264
20.969
19.258
19.308
23.847
23.772
21.405
20.436
23.921
24.907
21.824
22.671
22.034
23.155
24.865
25.884
20.973
23.481
26.832
26.395
21.544
27.119
25.463
26.570
25.461
25.690
23.025
26.193
28.273
27.609
25.674
26.004
25.397
23.405
26.131
28.179
25.612
26.545
24.315
27.524
27.675
25.859
27.121
26.714
29.061
30.742
28.221
28.984
29.313
30.948
27.443
26.376
29.944
26.989
27.104
30.871
26.417
30.920
29.490
27.514
31.344
32.615
31.578
29.032
27.739
31.523
32.074
28.322
32.887
30.359
29.875
30.707
29.232
29.179
34.131
31.879
32.526
29.873
32.256
32.062
33.459
30.261
33.458
30.103
30.934
31.658
31.616
34.925
31.263
36.036
32.700
34.067
31.656
36.780
34.306
31.915
32.558
32.345
36.374
35.611
37.651
37.164
34.664
34.656
36.647
36.594
36.167
38.711
34.349
36.801
36.279
35.278
37.932
40.129
37.284
36.534
34.857
35.673
38.477
38.898
38.406
39.556
36.085
39.643
36.460
41.741
40.060
36.273
39.808
40.081
40.788
40.273
39.031
39.784
41.777
39.324
37.828
41.446
42.479
39.151
43.495
39.440
42.568
39.728
42.238
42.518
43.199
40.786
39.975
44.248
44.057
40.266
40.341
42.119
45.355
44.672
44.760
43.021
43.323
46.128
44.603
45.149
46.228
43.371
42.711
42.370
43.454
42.877
42.880
42.585
46.817
45.899
47.261
46.694
46.878
43.246
43.091
43.424
43.794
44.368
47.623
49.464
45.996
46.486
45.745
46.133
46.815
47.336
46.342
47.113
45.118
49.450
49.185
48.687
50.949
46.797
49.841
46.361
47.206
46.111
49.952
47.761
51.494
51.270
50.061
49.288
48.434
49.699
50.130
51.136
51.915
48.923
48.867
49.978
49.082
53.173
49.075
50.912
53.178
54.179
52.315
54.055
54.753
55.205
52.397
50.578
50.243
50.753
53.444
55.934
55.441
52.376
54.582
54.515
50.953
53.564
53.703
54.096
55.442
55.788
55.142
56.006
56.095
57.460
54.664
54.226
54.627
53.773
55.663
55.325
54.883
56.218
55.135
53.515
57.077
53.904
58.652
56.962
55.626
58.740
60.324
54.959
58.592
57.006
60.546
56.575
58.830
60.918
57.177
59.972
56.082
57.350
56.784
59.718
61.502
59.092
61.519
61.128
57.343
62.735
60.311
61.930
62.904
60.554
62.145
58.366
59.232
63.655
58.403
59.255
61.525
60.041
60.478
63.459
59.747
62.236
62.196
63.745
64.518
60.676
63.937
65.081
63.020
63.149
62.801
64.050
66.374
63.273
66.645
66.296
61.721
62.187
63.388
64.627
63.070
63.484
64.607
67.773
66.902
63.708
64.118
68.667
67.471
67.713
63.998
63.558
64.770
69.629
64.314
69.302
69.233
68.242
66.684
69.729
69.400
68.183
69.748
67.150
69.958
69.530
66.616
69.735
69.907
70.109
70.422
67.790
67.874
67.115
68.231
67.765
68.071
67.505
69.744
68.222
71.790
68.067
73.483
70.945
73.931
74.001
73.453
72.882
69.577
69.448
69.648
74.691
72.352
70.476
74.209
73.294
69.951
74.706
75.534
73.049
71.077
72.007
75.203
70.918
73.794
73.468
71.215
75.321
72.266
77.231
71.684
74.270
72.785
73.660
75.947
75.818
75.033
76.840
72.784
74.879
78.604
78.413
76.375
75.044
73.993
77.384
79.522
74.162
79.440
75.693
78.677
78.149
80.319
80.085
80.371
78.773
80.100
80.098
79.771
75.948
79.317
75.858
79.264
79.509
77.435
81.776
78.227
81.349
80.040
77.236
82.442
78.335
82.381
82.903
79.006
79.496
77.929
83.387
79.996
79.601
79.340
79.666
83.666
81.456
83.003
79.922
83.515
83.024
85.174
83.199
83.164
82.761
85.606
80.700
84.706
81.503
81.576
82.418
83.890
83.634
85.202
82.301
83.370
86.331
82.059
87.194
85.062
83.214
87.254
85.390
82.630
83.892
86.332
85.824
89.119
87.605
88.666
86.645
88.770
87.389
84.323
88.219
90.244
89.064
85.817
90.456
88.594
88.694
87.596
85.788
89.643
89.149
86.682
89.094
86.669
88.884
89.429
90.433
91.726
90.156
92.056
87.526
88.341
87.522
90.308
92.622
90.808
88.651
90.380
88.600
89.912
92.278
93.094
91.969
89.475
94.427
94.191
93.764
90.854
91.928
93.623
91.279
95.241
91.706
91.685
92.043
90.437
93.333
93.994
96.498
91.630
94.903
94.417
95.449
92.675
96.448
95.303
94.510
95.321
92.776
97.638
94.529
96.951
92.936
94.084
96.234
94.474
96.271
95.278
97.244
95.212
97.464
96.213
99.958
96.892
98.906
95.083
97.871
98.120
96.238
97.529
95.361
98.134
95.986
98.915
100.134
100.037
98.862
101.942
98.171
99.217
100.490
98.723
98.244
98.230
103.085
99.262
98.890
101.040
100.945
98.184
101.053
103.178
101.498
100.540
98.554
100.171
100.096
99.541
100.022
102.358
104.768
102.148
99.950
100.110
104.714
104.627
105.181
103.405
103.467
103.372
104.250
105.685
106.341
102.590
104.797
102.020
102.066
105.777
104.506
105.690
106.306
102.330
105.930
103.506
108.178
108.088
104.944
104.422
107.825
107.148
108.577
106.325
105.599
105.865
106.507
108.227
107.513
104.629
107.605
107.554
107.236
106.709
108.601
106.703
108.116
110.243
110.159
107.613
109.484
107.276
106.463
107.690
109.800
106.699
109.745
111.170
107.122
111.837
113.136
112.672
110.795
112.541
109.687
110.583
113.299
111.662
110.453
112.732
113.745
110.999
110.144
111.775
112.684
113.972
111.012
114.698
111.548
111.607
112.390
113.922
111.346
112.718
112.562
112.591
112.041
114.590
111.550
111.835
112.433
116.954
111.763
113.033
112.321
115.530
116.492
113.419
118.226
114.053
117.748
114.736
115.046
115.320
117.051
118.098
116.636
116.522
119.452
117.698
118.521
119.912
118.313
117.574
119.709
118.685
118.136
119.257
115.893
115.870
117.126
115.824
119.222
120.983
122.060
121.617
122.281
117.230
119.543
118.698
119.920
117.145
121.750
122.993
118.152
122.680
119.395
123.009
118.490
121.006
119.799
119.997
122.773
123.564
121.692
124.506
119.819
125.203
122.661
120.405
121.049
124.725
122.031
123.595
121.621
125.532
123.359
124.939
126.577
123.685
122.730
127.204
125.994
124.209
123.580
122.189
125.233
127.175
123.862
122.676
123.992
122.795
125.081
124.308
125.105
123.524
124.899
127.062
126.754
129.051
129.867
128.633
126.109
128.912
126.151
128.703
126.302
125.467
130.068
125.828
130.084
126.994
126.706
129.488
128.528
128.736
129.981
126.718
127.716
130.913
129.052
131.665
132.495
128.919
130.211
127.427
132.084
130.188
132.095
130.586
129.569
130.577
131.351
131.956
132.164
130.511
131.749
134.279
131.495
129.597
132.162
130.831
135.110
129.941
131.805
130.213
135.961
131.008
134.682
133.973
131.625
134.511
133.276
137.161
131.735
134.514
134.222
135.385
132.246
137.758
137.899
133.521
132.934
136.012
133.687
134.836
135.875
134.179
137.011
134.995
137.505
134.865
139.168
139.130
139.349
136.117
136.474
137.999
140.482
138.162
137.254
139.122
